0.816651
0.787111
0.780963
0.749975
0.695290
0.632178
0.604341
0.597119
0.544501
0.486974
0.436037
0.410660
0.406558
0.357377
0.310303
0.268496
0.241054
0.240407
0.235482
0.227138
0.226256
0.224294
0.218423
0.215451
0.206866
0.206057
0.205247
0.193210
0.185196
0.183252
0.182391
0.160180
0.148185
0.143910
0.138347
0.135403
0.134923
0.132666
0.130982
0.129369
0.127367
0.122779
0.117998
0.106575
0.105748
0.102378
0.092461
0.091535
0.087413
0.086557
0.082416
0.079758
0.079484
0.067054
0.065834
0.064309
0.064117
0.061555
0.059766
0.056598
0.046566
0.041334
0.040421
0.033624
0.030866
0.029500
0.026851
0.021185
0.014236
